[app/ui]
version = 8.0.2
modtime = 1587112450.370374000

[app/launcher]
version = 8.0.2
modtime = 1587112450.372101000
